2015/01/01,龍潭,PM2.5,46,71,76,74,65,62,56,50,52,56,54,47,40,36,37,27,30,25,26,24,18,16,11,14
2015/01/01,麥寮,PM2.5,51,51,39,58,80,88,83,77,65,53,56,73,77,66,62,59,48,39,34,34,33,30,27,25
2015/01/01,鳳山,PM2.5,72,62,51,37,44,40,45,37,45,43,55,43,32,54,46,48,46,53,62,62,65,63,64,61
2015/01/01,馬祖,PM2.5,84,83,79,78,78,77,75,75,72,66,58,51,44,33,27,29,28,27,28,27,24,23,24,22
2015/01/01,馬公,PM2.5,296,301,46,55,55,52,49,44,37,36,42,43,39,35,34,32,24,21,18,15,18,15,10,12
2015/01/01,頭份,PM2.5,45,72,77,74,65,58,52,48,42,41,45,42,36,34,28,25,25,17,15,16,14,14,10,7
2015/01/01,陽明,PM2.5,66,58,53,42,35,35,37,41,38,34,30,22,20,16,17,16,17,12,10,9,8,7,9,9
2015/01/01,關山,PM2.5,18,17,17,17,22,26,27,31,39,46,48,46,39,37,38,39,34,33,34,27,25,26,24,21
2015/01/01,金門,PM2.5,30,40,59,75,85,89,85,80,81,81,81,81,78,76,73,67,56,47,37,27,28,33,30,27
2015/01/01,豐原,PM2.5,23,19,11,5,0,0,3,17,19,27,29,39,36,33,32,37,42,40,34,23,18,12,12,7
2015/01/01,觀音,PM2.5,34,40,44,50,51,52,53,51,48,44,42,38,36,35,33,29,26,25,22,20,17,17,15,17
2015/01/01,西屯,PM2.5,36,30,37,37,55,73,78,76,65,62,54,49,27,30,31,44,40,36,40,37,30,19,16,17
2015/01/01,萬里,PM2.5,73,70,62,53,49,44,46,50,51,48,42,36,32,30,27,23,18,17,19,16,13,14,14,13
2015/01/01,萬華,PM2.5,74,83,70,63,48,40,33,33,42,46,45,39,32,31,27,24,19,21,28,23,17,13,16,14
2015/01/01,菜寮,PM2.5,76,78,69,60,52,44,40,41,44,44,38,33,27,21,19,19,16,12,12,12,9,8,9,8
2015/01/01,苗栗,PM2.5,25,45,67,74,67,57,49,38,37,38,38,38,37,36,32,30,28,23,19,12,8,8,8,8
2015/01/01,花蓮,PM2.5,21,39,51,59,67,56,45,38,37,34,34,38,37,36,29,25,24,20,20,20,13,12,17,12
2015/01/01,臺西,PM2.5,27,34,43,65,90,97,91,79,66,56,59,61,62,61,47,39,38,35,32,30,35,35,31,27
2015/01/01,臺東,PM2.5,30,27,14,17,18,24,39,49,55,53,50,47,38,35,34,34,32,35,29,31,38,29,24,19
2015/01/01,臺南,PM2.5,59,64,65,57,54,55,63,53,62,63,82,76,78,73,68,67,69,62,55,42,42,38,33,36
2015/01/01,美濃,PM2.5,37,39,39,36,37,40,38,42,45,42,36,35,45,46,47,48,39,65,67,62,69,59,48,52
2015/01/01,線西,PM2.5,24,31,53,73,77,75,69,59,50,49,50,52,52,47,39,37,36,32,28,24,26,22,16,17
2015/01/01,竹東,PM2.5,42,67,71,69,65,55,44,38,38,40,43,40,37,35,29,24,19,18,18,19,14,14,14,10
2015/01/01,竹山,PM2.5,51,48,46,40,34,35,37,41,45,42,43,50,64,71,66,62,61,62,62,53,48,46,41,41
2015/01/01,潮州,PM2.5,61,69,71,65,47,30,27,34,40,42,47,50,45,32,35,49,38,35,37,36,48,55,75,77
2015/01/01,湖口,PM2.5,66,73,70,65,53,43,41,41,43,46,44,41,33,26,22,18,16,19,20,19,19,15,11,7
2015/01/01,淡水,PM2.5,69,66,61,51,42,36,33,38,41,38,35,31,25,23,18,16,18,17,10,5,6,6,4,5
2015/01/01,沙鹿,PM2.5,15,21,37,56,67,64,53,44,39,40,40,39,37,35,34,31,25,19,16,9,4,5,4,1
2015/01/01,汐止,PM2.5,79,72,61,58,49,42,44,45,,45,43,41,36,28,23,20,18,18,19,19,18,16,15,18
2015/01/01,永和,PM2.5,90,94,75,68,56,42,40,42,45,46,43,38,32,27,24,19,16,21,19,13,12,13,11,11
2015/01/01,橋頭,PM2.5,83,67,66,56,54,48,51,48,68,73,80,74,62,50,55,57,56,61,67,53,55,49,45,44
2015/01/01,楠梓,PM2.5,76,74,78,66,46,45,45,51,44,54,64,71,64,59,53,43,50,53,63,62,62,61,51,50
2015/01/01,桃園,PM2.5,73,85,85,75,69,54,47,50,51,55,49,49,42,35,34,32,29,23,22,22,15,14,11,16
2015/01/01,林園,PM2.5,71,77,63,59,56,49,45,41,48,50,53,71,67,59,49,46,29,43,42,42,94,91,81,74
2015/01/01,林口,PM2.5,79,76,73,70,60,50,45,45,50,50,45,39,33,29,25,24,22,20,17,14,13,15,15,11
2015/01/01,板橋,PM2.5,78x,77x,72x,65x,56x,46x,45x,42x,45x,46x,41x,38x,36x,31x,25x,25x,24x,20x,22x,20x,19x,19x,17x,14x
2015/01/01,松山,PM2.5,68,70,66,60,55,42,40,39,43,47,44,42,33,27,23,20,17,15,14,16,16,13,9,8
2015/01/01,朴子,PM2.5,39,46,36,38,29,37,53,64,66,52,48,59,66,65,58,57,47,38,27,34,29,21,17,16
2015/01/01,新莊,PM2.5,84,84,77,68,58,51,46,45,49,47,41,38,34,26,21,19,15,13,15,17,12,11,11,6
2015/01/01,新竹,PM2.5,68,84,79,73,65,55,45,44,48,48,48,47,43,37,29,26,26,23,21,18,17,17,17,17
2015/01/01,新營,PM2.5,50,49,46,48,51,54,49,49,53,65,68,68,70,75,75,73,69,60,56,52,48,37,30,32
2015/01/01,新港,PM2.5,35,39,38,46,44,45,46,59,66,68,58,52,51,60,65,66,53,49,39,36,30,32,26,24
2015/01/01,新店,PM2.5,69,77,75,68,62,54,47,48,51,47,45,44,37,34,29,24,21,19,20,17,16,16,16,15
2015/01/01,斗六,PM2.5,68,60,51,45,43,38,38,41,48,53,58,55,53,54,53,51,50,57,57,55,44,37,39,34
2015/01/01,恆春,PM2.5,21,17,19,15,21,31,43,59,50,49,39,28,32,29,33,32,30,38,34,29,21,31,20,19
2015/01/01,忠明,PM2.5,44,37,38,22,29,43,61,65,62,57,46,42,44,43,44,37,39,28,29,22,24,21,27,26
2015/01/01,復興,PM2.5,86,74,58,54,57,62,65,59,61,68,80,92,85,68,63,60,52,50,61,73,71,75,71,58
2015/01/01,彰化,PM2.5,36,39,36,33,36,45,62,70,63,56,47,46,31,32,47,42,37,34,31,27,18,17,23,23
2015/01/01,平鎮,PM2.5,64,84,78,72,59,56,43,42,46,46,44,42,40,36,26,26,18,15,5,11,14,12,8,12
2015/01/01,左營,PM2.5,77,86,83,71,66,61,61,64,63,70,51,48,74,68,62,66,65,69,66,79,90,81,71,49
2015/01/01,崙背,PM2.5,41,44,41,40,47,49,80,80,83,64,67,54,65,66,72,56,54,50,54,45,36,28,26,29
2015/01/01,屏東,PM2.5,77,64,61,46,43,40,28,30,28,33,37,42,53,58,59,60,67,62,67,63,80,80,74,68
2015/01/01,小港,PM2.5,74,73,65,49,41,41,40,36,37,51,52,38,51,70,57,58,60,59,57,64,65,65,66,64
2015/01/01,宜蘭,PM2.5,85,90,75,68,58,48,42,40,42,40,39,38,36,31,25,20,12,17,25,19,9,15,17,11
2015/01/01,安南,PM2.5,57,65,67,58,52,54,55,59,63,73,75,84,82,80,71,69,68,62,51,48,38,40,30,28
2015/01/01,大里,PM2.5,53,55,58,53,43,36,35,42,55,64,65,59,52,44,47,41,43,40,42,35,28,20,18,16
2015/01/01,大寮,PM2.5,82,69,59,55,48,44,41,37,41,43,51,60,63,59,53,53,45,40,44,54,59,58,56,53
2015/01/01,大園,PM2.5,55,60,60,58,55,44,42,38,45,38,41,35,34,27,21,23,19,22,16,17,12,14,12,16
2015/01/01,大同,PM2.5,70,72,67,63,50,47,41,41,41,39,38,36,32,35,22,23,16,17,16,9,12,5,5,1
2015/01/01,士林,PM2.5,71,68,65,58,53,47,47,44,42,44,42,38,36,29,28,23,23,23,19,15,7,6,6,14
2015/01/01,基隆,PM2.5,85,73,64,48,41,38,41,46,43,38,31,24,23,20,20,12,22,13,14,10,10,11,10,12
2015/01/01,埔里,PM2.5,55,51,47,40,32,32,30,28,34,35,31,38,39,41,45,49,54,54,60,64,63,63,58,50
2015/01/01,土城,PM2.5,75,85,79,72,63,53,49,51,53,52,48,43,39,35,32,29,26,26,26,25,21,17,18,20
2015/01/01,嘉義,PM2.5,49,58,58,59,54,51,43,51,53,67,68,67,64,58,59,60,68,61,59,58,63,60,59,47
2015/01/01,善化,PM2.5,56,48,44,33,40,37,45,46,61,67,75,77,82,73,71,71,68,61,54,56,52,42,33,29
2015/01/01,古亭,PM2.5,90,107,96,85,72,66,53,46,42,46,53,46,39,30,31,30,25,25,26,21,15,12,11,10
2015/01/01,南投,PM2.5,48,44,39,37,34,30,29,32,37,43,45,49,52,50,45,45,45,41,36,30,24,19,18,20
2015/01/01,前鎮,PM2.5,70,67,53,44,38,40,46,45,48,53,57,62,59,45,40,43,43,46,53,57,54,53,49,45
2015/01/01,前金,PM2.5,66,72,70,65,57,59,67,65,61,52,65,70,76,60,51,50,50,50,53,60,61,60,58,54
2015/01/01,冬山,PM2.5,54,87,88,75,66,57,47,45,43,45,50,44,38,33,32,30,23,20,20,18,12,13,18,15
2015/01/01,仁武,PM2.5,96,88,82,70,67,61,46,41,39,56,57,67,67,66,55,49,47,56,59,65,66,58,55,46
2015/01/01,二林,PM2.5,29,30,41,46,69,78,78,76,66,61,60,60,65,55,56,51,50,46,40,36,33,32,27,22
2015/01/01,中山,PM2.5,72,78,74,63,51,47,40,44,43,47,42,47,38,30,22,22,26,32,27,18,14,13,15,9
2015/01/01,中壢,PM2.5,62,80,77,71,59,54,48,42,40,40,45,40,35,27,23,19,18,17,17,12,18,16,12,1
2015/01/01,三重,PM2.5,78,76,72,61,48,41,37,39,45,45,49,43,40,30,29,20,19,18,16,15,10,9,12,6
2015/01/01,三義,PM2.5,33,33,30,43,48,57,57,46,41,43,40,36,38,37,34,29,26,24,22,16,12,18,16,5
